0.495315
0.0326058
0.00776272
0.00270009
0.00114176
0.000547677
0.000287531
0.000161694
9.60204e-05
5.9613e-05
3.84084e-05
2.55377e-05
1.74465e-05
1.22035e-05
8.71516e-06
6.33963e-06
4.68813e-06
3.51853e-06
2.67631e-06
2.06062e-06
1.6043e-06
1.26182e-06
1.00181e-06
8.02306e-07
6.47711e-07
5.26822e-07
4.31486e-07
3.55707e-07
2.95025e-07
2.46096e-07
2.06387e-07
1.73962e-07
1.47333e-07
1.25344e-07
1.07093e-07
9.18713e-08
7.91164e-08
6.83818e-08
5.93098e-08
5.16121e-08
4.50559e-08
3.94517e-08
3.46445e-08
3.05073e-08
2.69356e-08
2.38425e-08
2.11562e-08
1.88166e-08
1.67735e-08
1.49847e-08
1.34147e-08
1.20333e-08
1.08151e-08
9.73847e-09
8.78487e-09
7.93848e-09
7.18575e-09
6.51502e-09
5.91623e-09
5.3807e-09
4.90089e-09
4.47027e-09
4.08316e-09
3.73462e-09
3.42031e-09
3.13644e-09
2.8797e-09
2.64714e-09
2.4362e-09
2.24462e-09
2.0704e-09
1.91175e-09
1.76711e-09
1.63507e-09
1.51441e-09
1.40401e-09
1.30289e-09
1.21017e-09
1.12505e-09
1.04684e-09
9.74891e-10
9.08664e-10
8.47621e-10
7.91304e-10
7.39322e-10
6.91261e-10
6.46816e-10
6.0567e-10
5.67537e-10
5.32187e-10
4.99376e-10
4.689e-10
4.40577e-10
4.14208e-10
3.89691e-10
3.6684e-10
3.45538e-10
3.25653e-10
3.07109e-10
2.8978e-10
2.73575e-10
2.58423e-10
2.4424e-10
2.30961e-10
2.18508e-10
2.06836e-10
1.95885e-10
1.85606e-10
1.75947e-10
1.66869e-10
1.58339e-10
1.50306e-10
1.42747e-10
1.35628e-10
1.28921e-10
1.22599e-10
1.16628e-10
1.11002e-10
1.05685e-10
1.00667e-10
9.59215e-11
9.14384e-11
8.71883e-11
8.31834e-11
7.93759e-11
7.5782e-11
7.23688e-11
6.91348e-11
6.60674e-11
6.31632e-11
6.03947e-11
5.77772e-11
5.5287e-11
5.29266e-11
5.06775e-11
4.85463e-11
4.65091e-11
4.45771e-11
4.27283e-11
4.09808e-11
3.93062e-11
3.77175e-11
3.61984e-11
3.4755e-11
3.3379e-11
3.20609e-11
3.0805e-11
2.96076e-11
2.8464e-11
2.73772e-11
2.63233e-11
2.53244e-11
2.43684e-11
2.34518e-11
2.25824e-11
2.17532e-11
2.09498e-11
2.01846e-11
1.94514e-11
1.87489e-11
1.80766e-11
1.74256e-11
1.68107e-11
1.62209e-11
1.56453e-11
1.5099e-11
1.45833e-11
1.40788e-11
1.35909e-11
1.31329e-11
1.26854e-11
1.22562e-11
1.18453e-11
1.14521e-11
1.10708e-11
1.07078e-11
1.03538e-11
1.00189e-11
9.69518e-12
9.3852e-12
9.08094e-12
8.78605e-12
8.5156e-12
8.24185e-12
7.98457e-12
7.73198e-12
7.49065e-12
7.25903e-12
7.03539e-12
6.82388e-12
6.6077e-12
6.40884e-12
6.21623e-12
6.03489e-12
5.84939e-12
5.67654e-12
5.50612e-12
5.34229e-12
5.19164e-12
5.03474e-12
4.88911e-12
4.75354e-12
4.61485e-12
4.47546e-12
4.34734e-12
4.22997e-12
4.10827e-12
3.99471e-12
3.88099e-12
3.7702e-12
3.66688e-12
3.57031e-12
3.46907e-12
3.37094e-12
3.27888e-12
3.19012e-12
3.09997e-12
3.02143e-12
2.93683e-12
2.86142e-12
2.7886e-12
2.70989e-12
2.63587e-12
2.57137e-12
2.50099e-12
2.43545e-12
2.372e-12
2.31514e-12
2.25221e-12
2.19118e-12
2.13674e-12
2.08283e-12
2.02995e-12
1.97777e-12
1.932e-12
1.88293e-12
1.84185e-12
1.78862e-12
1.74268e-12
1.70662e-12
1.66311e-12
1.61786e-12
1.58284e-12
1.53915e-12
1.50794e-12
1.46824e-12
1.4334e-12
1.39612e-12
1.36838e-12
1.33475e-12
1.29956e-12
1.27112e-12
1.2342e-12
1.20975e-12
1.1782e-12
1.14821e-12
1.12532e-12
1.10747e-12
1.07713e-12
1.0513e-12
1.02754e-12
1.00067e-12
9.82122e-13
9.54557e-13
9.29072e-13
9.12949e-13
9.02893e-13
8.76888e-13
8.49496e-13
8.3424e-13
8.18637e-13
7.99914e-13
7.77896e-13
7.61253e-13
7.48597e-13
7.27273e-13
7.13577e-13
6.98668e-13
6.83238e-13
6.64168e-13
6.48218e-13
6.38509e-13
6.28454e-13
6.10251e-13
5.96901e-13
5.84072e-13
5.69856e-13
5.62401e-13
5.48185e-13
5.39864e-13
5.22354e-13
5.11778e-13
5.01376e-13
4.90628e-13
4.83693e-13
4.70517e-13
4.60635e-13
4.56648e-13
4.39484e-13
4.36884e-13
4.23188e-13
4.15733e-13
4.06371e-13
4.02037e-13
3.83834e-13
3.8002e-13
3.73605e-13
3.71525e-13
3.63203e-13
3.49507e-13
3.43266e-13
3.40492e-13
3.27143e-13
3.22115e-13
3.19861e-13
3.12927e-13
3.04258e-13
3.01831e-13
2.9507e-13
2.88482e-13
2.81547e-13
2.65598e-13
2.70972e-13
2.69065e-13
2.52942e-13
2.53809e-13
2.49128e-13
2.4098e-13
2.441e-13
2.32831e-13
2.29884e-13
2.29884e-13
2.21563e-13
2.18095e-13
2.20176e-13
2.10294e-13
2.04573e-13
1.99198e-13
1.99545e-13
1.95384e-13
1.90703e-13
1.84289e-13
1.81341e-13
1.74407e-13
1.82208e-13
1.75274e-13
1.66779e-13
1.64525e-13
1.60017e-13
1.54816e-13
1.5759e-13
1.54123e-13
1.48402e-13
1.47362e-13
1.406e-13
1.35746e-13
1.29852e-13
1.35573e-13
1.34012e-13
1.28465e-13
1.29158e-13
1.19796e-13
1.25344e-13
1.22744e-13
1.08701e-13
1.09048e-13
1.15809e-13
1.08354e-13
1.08528e-13
1.0558e-13
1.01246e-13
9.8819e-14
9.70853e-14
9.84722e-14
9.98592e-14
9.17109e-14
8.49496e-14
9.24044e-14
8.78969e-14
8.47763e-14
8.80702e-14
8.04421e-14
8.02688e-14
7.95753e-14
7.9922e-14
8.04421e-14
7.22939e-14
7.33341e-14
7.95753e-14
6.51859e-14
7.19472e-14
7.0907e-14
6.34522e-14
6.27587e-14
6.77864e-14
5.73844e-14
5.56507e-14
6.4319e-14
6.10251e-14
5.30502e-14
5.68643e-14
5.201e-14
5.61708e-14
4.47286e-14
4.75025e-14
4.80226e-14
5.75577e-14
3.98743e-14
4.36884e-14
4.33417e-14
4.07412e-14
4.19547e-14
4.43819e-14
4.1608e-14
4.03944e-14
3.81407e-14
3.84874e-14
3.62336e-14
3.36331e-14
3.48467e-14
3.06859e-14
3.91809e-14
3.6407e-14
3.36331e-14
3.06859e-14
3.06859e-14
2.91256e-14
3.38065e-14
2.49648e-14
2.68718e-14
2.9299e-14
2.47914e-14
3.6407e-14
2.77387e-14
2.28844e-14
2.86055e-14
1.64698e-14
2.34045e-14
1.73367e-14
2.18442e-14
1.85502e-14
2.09774e-14
1.68166e-14
1.02286e-14
1.68166e-14
1.83769e-14
1.07487e-14
1.71633e-14
1.47362e-14
1.87236e-14
2.01105e-14
1.43894e-14
1.85502e-14
1.85502e-14
1.47362e-14
7.97487e-15
1.14422e-14
4.33417e-15
1.28291e-14
1.05754e-14
4.33417e-15
8.49496e-15
8.66833e-15
7.10803e-15
6.2412e-15
4.50753e-15
2.94723e-15
5.201e-15
3.1206e-15
2.42713e-15
4.33417e-15
5.201e-16
3.81407e-15
2.77387e-15
6.7613e-15
1.21357e-15
8.14823e-15
1.90703e-15
0
0
3.46733e-16
4.33417e-15
1.0402e-15
1.90703e-15
1.5603e-15
1.5603e-15
2.94723e-15
1.73367e-16
1.5603e-15
4.85427e-15
6.93467e-16
1.0402e-15
6.7613e-15
1.38693e-15
6.93467e-15
