8.05365
0.779313
0.262692
0.122333
0.0665864
0.0399143
0.0255869
0.0172442
0.0120846
0.00873994
0.00648784
0.00492297
0.00380642
0.00299144
0.00238475
0.00192525
0.00157186
0.00129635
0.00107891
0.0009054
0.000765538
0.000651765
0.000558433
0.000481277
0.000417035
0.000363192
0.000317787
0.000279278
0.000246442
0.000218303
0.000194076
0.000173126
0.000154932
0.000139071
0.000125192
0.000113004
0.000102267
9.27767e-05
8.43637e-05
7.68843e-05
7.02167e-05
6.42574e-05
5.89177e-05
5.4122e-05
4.9805e-05
4.59103e-05
4.23894e-05
3.92e-05
3.63052e-05
3.3673e-05
3.12753e-05
2.90874e-05
2.70877e-05
2.52571e-05
2.35786e-05
2.20374e-05
2.06201e-05
1.93151e-05
1.81117e-05
1.70007e-05
1.59736e-05
1.5023e-05
1.41421e-05
1.33248e-05
1.25658e-05
1.18601e-05
1.12033e-05
1.05913e-05
1.00206e-05
9.48783e-06
8.99002e-06
8.52444e-06
8.08863e-06
7.68033e-06
7.29748e-06
6.93821e-06
6.60078e-06
6.28362e-06
5.9853e-06
5.70448e-06
5.43994e-06
5.19056e-06
4.95532e-06
4.73326e-06
4.5235e-06
4.32524e-06
4.13772e-06
3.96027e-06
3.79222e-06
3.633e-06
3.48205e-06
3.33886e-06
3.20296e-06
3.07391e-06
2.95129e-06
2.83473e-06
2.72386e-06
2.61837e-06
2.51793e-06
2.42227e-06
2.33111e-06
2.24419e-06
2.16129e-06
2.08219e-06
2.00667e-06
1.93454e-06
1.86563e-06
1.79976e-06
1.73677e-06
1.67652e-06
1.61885e-06
1.56364e-06
1.51077e-06
1.46012e-06
1.41157e-06
1.36502e-06
1.32037e-06
1.27754e-06
1.23643e-06
1.19696e-06
1.15905e-06
1.12263e-06
1.08763e-06
1.05398e-06
1.02163e-06
9.90507e-07
9.60561e-07
9.31739e-07
9.0399e-07
8.77266e-07
8.51522e-07
8.26717e-07
8.02808e-07
7.79757e-07
7.57527e-07
7.36085e-07
7.15396e-07
6.95428e-07
6.76153e-07
6.57541e-07
6.39565e-07
6.22199e-07
6.05419e-07
5.89201e-07
5.73522e-07
5.58361e-07
5.43698e-07
5.29513e-07
5.15788e-07
5.02505e-07
4.89647e-07
4.77197e-07
4.65141e-07
4.53463e-07
4.42149e-07
4.31186e-07
4.20561e-07
4.10261e-07
4.00274e-07
3.9059e-07
3.81196e-07
3.72084e-07
3.63242e-07
3.54661e-07
3.46332e-07
3.38246e-07
3.30395e-07
3.2277e-07
3.15364e-07
3.08169e-07
3.01179e-07
2.94385e-07
2.87782e-07
2.81363e-07
2.75122e-07
2.69053e-07
2.63151e-07
2.57409e-07
2.51823e-07
2.46388e-07
2.41099e-07
2.35951e-07
2.3094e-07
2.26061e-07
2.2131e-07
2.16683e-07
2.12177e-07
2.07787e-07
2.0351e-07
1.99343e-07
1.95282e-07
1.91323e-07
1.87465e-07
1.83703e-07
1.80035e-07
1.76459e-07
1.7297e-07
1.69568e-07
1.66248e-07
1.6301e-07
1.5985e-07
1.56766e-07
1.53756e-07
1.50818e-07
1.4795e-07
1.4515e-07
1.42416e-07
1.39746e-07
1.37138e-07
1.3459e-07
1.32102e-07
1.29671e-07
1.27295e-07
1.24974e-07
1.22705e-07
1.20488e-07
1.1832e-07
1.16201e-07
1.14129e-07
1.12103e-07
1.10122e-07
1.08185e-07
1.0629e-07
1.04436e-07
1.02622e-07
1.00848e-07
9.91117e-08
9.74127e-08
9.575e-08
9.41227e-08
9.25297e-08
9.09703e-08
8.94436e-08
8.79488e-08
8.64852e-08
8.50518e-08
8.3648e-08
8.22731e-08
8.09263e-08
7.96069e-08
7.83143e-08
7.70479e-08
7.58069e-08
7.45908e-08
7.3399e-08
7.2231e-08
7.10861e-08
6.99637e-08
6.88634e-08
6.77847e-08
6.67271e-08
6.56899e-08
6.46729e-08
6.36754e-08
6.26971e-08
6.17375e-08
6.07962e-08
5.98728e-08
5.89669e-08
5.8078e-08
5.72058e-08
5.63499e-08
5.551e-08
5.46856e-08
5.38765e-08
5.30824e-08
5.23028e-08
5.15374e-08
5.0786e-08
5.00483e-08
4.93239e-08
4.86125e-08
4.79139e-08
4.72279e-08
4.65541e-08
4.58922e-08
4.52421e-08
4.46034e-08
4.3976e-08
4.33595e-08
4.27539e-08
4.21587e-08
4.15739e-08
4.09992e-08
4.04344e-08
3.98793e-08
3.93337e-08
3.87973e-08
3.82701e-08
3.77519e-08
3.72423e-08
3.67413e-08
3.62487e-08
3.57644e-08
3.52881e-08
3.48197e-08
3.43591e-08
3.3906e-08
3.34604e-08
3.30221e-08
3.2591e-08
3.21668e-08
3.17496e-08
3.1339e-08
3.09351e-08
3.05377e-08
3.01467e-08
2.97618e-08
2.93831e-08
2.90104e-08
2.86436e-08
2.82826e-08
2.79273e-08
2.75775e-08
2.72332e-08
2.68942e-08
2.65605e-08
2.62319e-08
2.59084e-08
2.55899e-08
2.52763e-08
2.49674e-08
2.46633e-08
2.43638e-08
2.40688e-08
2.37782e-08
2.3492e-08
2.32102e-08
2.29325e-08
2.2659e-08
2.23895e-08
2.21241e-08
2.18625e-08
2.16048e-08
2.13509e-08
2.11007e-08
2.08542e-08
2.06113e-08
2.03718e-08
2.01359e-08
1.99034e-08
1.96742e-08
1.94483e-08
1.92256e-08
1.90061e-08
1.87897e-08
1.85764e-08
1.83662e-08
1.81588e-08
1.79544e-08
1.77529e-08
1.75542e-08
1.73583e-08
1.71651e-08
1.69745e-08
1.67866e-08
1.66013e-08
1.64186e-08
1.62383e-08
1.60606e-08
1.58852e-08
1.57123e-08
1.55416e-08
1.53733e-08
1.52073e-08
1.50435e-08
1.48819e-08
1.47225e-08
1.45652e-08
1.44099e-08
1.42568e-08
1.41057e-08
1.39566e-08
1.38094e-08
1.36642e-08
1.35209e-08
1.33794e-08
1.32398e-08
1.3102e-08
1.2966e-08
1.28318e-08
1.26993e-08
1.25685e-08
1.24394e-08
1.23119e-08
1.21861e-08
1.20619e-08
1.19392e-08
1.18181e-08
1.16985e-08
1.15805e-08
1.14639e-08
1.13488e-08
1.12351e-08
1.11229e-08
1.1012e-08
1.09026e-08
1.07945e-08
1.06877e-08
1.05822e-08
1.04781e-08
1.03752e-08
1.02735e-08
1.01732e-08
1.0074e-08
9.97604e-09
9.87927e-09
9.78367e-09
9.68923e-09
9.59593e-09
9.50374e-09
9.41266e-09
9.32266e-09
9.23374e-09
9.14588e-09
9.05906e-09
8.97327e-09
8.88848e-09
8.80471e-09
8.72191e-09
8.64009e-09
8.55922e-09
8.47929e-09
8.4003e-09
8.32222e-09
8.24506e-09
8.16879e-09
8.09338e-09
8.01885e-09
7.94518e-09
7.87235e-09
7.80035e-09
7.72918e-09
7.65881e-09
7.58924e-09
7.52046e-09
7.45246e-09
7.38522e-09
7.31875e-09
7.25301e-09
7.18803e-09
7.12375e-09
7.0602e-09
6.99736e-09
6.93521e-09
6.87375e-09
6.81297e-09
6.75286e-09
6.69341e-09
6.63462e-09
6.57647e-09
6.51895e-09
6.46206e-09
6.4058e-09
6.35013e-09
6.29508e-09
6.24062e-09
6.18675e-09
6.13345e-09
6.08074e-09
6.02859e-09
5.97699e-09
5.92595e-09
5.87545e-09
5.82548e-09
5.77605e-09
5.72714e-09
5.67874e-09
5.63086e-09
5.58348e-09
5.53659e-09
5.4902e-09
5.44429e-09
5.39886e-09
5.35391e-09
5.30942e-09
5.26539e-09
5.22182e-09
5.17869e-09
5.13602e-09
5.09379e-09
5.05197e-09
5.01059e-09
4.96964e-09
4.9291e-09
4.88898e-09
4.84926e-09
4.80994e-09
4.77103e-09
4.7325e-09
4.69437e-09
4.65661e-09
4.61924e-09
4.58224e-09
4.54561e-09
4.50935e-09
4.47344e-09
4.43789e-09
4.40269e-09
4.36785e-09
4.33334e-09
4.29918e-09
4.26535e-09
4.23186e-09
4.19868e-09
4.16585e-09
4.13333e-09
4.10113e-09
4.06924e-09
4.03765e-09
4.00637e-09
3.9754e-09
3.94473e-09
3.91434e-09
3.88425e-09
3.85445e-09
3.82494e-09
3.7957e-09
3.76675e-09
3.73807e-09
3.70967e-09
3.68153e-09
3.65365e-09
3.62605e-09
3.5987e-09
3.57161e-09
3.54477e-09
3.51819e-09
3.49186e-09
3.46577e-09
3.43992e-09
3.41432e-09
3.38895e-09
3.36382e-09
3.33891e-09
3.31425e-09
3.28981e-09
3.26559e-09
3.2416e-09
3.21782e-09
3.19426e-09
3.17092e-09
3.14778e-09
3.12486e-09
3.10215e-09
3.07966e-09
3.05735e-09
3.03525e-09
3.01335e-09
2.99165e-09
2.97014e-09
2.94882e-09
2.92771e-09
2.90676e-09
2.88601e-09
2.86545e-09
2.84507e-09
2.82487e-09
2.80484e-09
2.785e-09
2.76534e-09
2.74584e-09
2.72652e-09
2.70737e-09
2.68837e-09
2.66955e-09
2.6509e-09
2.6324e-09
2.61407e-09
2.5959e-09
2.57788e-09
2.56002e-09
2.54232e-09
2.52476e-09
2.50737e-09
2.49011e-09
2.473e-09
2.45605e-09
2.43925e-09
2.42257e-09
2.40604e-09
2.38967e-09
2.37341e-09
2.35731e-09
2.34134e-09
2.3255e-09
2.3098e-09
2.29423e-09
2.27879e-09
2.26348e-09
2.24829e-09
2.23324e-09
2.21832e-09
2.20351e-09
2.18883e-09
2.17428e-09
2.15983e-09
2.14551e-09
2.13131e-09
2.11723e-09
2.10327e-09
2.08942e-09
2.07568e-09
2.06205e-09
2.04854e-09
2.03513e-09
2.02184e-09
2.00865e-09
1.99558e-09
1.98261e-09
1.96973e-09
1.95697e-09
1.94431e-09
1.93177e-09
1.91931e-09
1.90694e-09
1.89468e-09
1.88253e-09
1.87048e-09
1.85852e-09
1.84664e-09
1.83486e-09
1.82319e-09
1.8116e-09
1.80011e-09
1.7887e-09
1.77738e-09
1.76617e-09
1.75502e-09
1.74398e-09
1.73302e-09
1.72214e-09
1.71135e-09
1.70064e-09
1.69002e-09
1.67948e-09
1.66901e-09
1.65865e-09
1.64834e-09
1.63813e-09
1.628e-09
1.61794e-09
1.60795e-09
1.59805e-09
1.58822e-09
1.57846e-09
1.56879e-09
1.55919e-09
1.54966e-09
1.5402e-09
1.53081e-09
1.52149e-09
1.51225e-09
1.50308e-09
1.49398e-09
1.48493e-09
1.47597e-09
1.46707e-09
1.45823e-09
1.44947e-09
1.44077e-09
1.43213e-09
1.42356e-09
1.41506e-09
1.40662e-09
1.39823e-09
1.38991e-09
1.38166e-09
1.37346e-09
1.36533e-09
1.35725e-09
1.34924e-09
1.34128e-09
1.33339e-09
1.32554e-09
1.31777e-09
1.31005e-09
1.30237e-09
1.29476e-09
1.2872e-09
1.2797e-09
1.27225e-09
1.26487e-09
1.25752e-09
1.25024e-09
1.243e-09
1.23582e-09
1.22869e-09
1.22161e-09
1.21459e-09
1.20761e-09
1.20069e-09
1.19381e-09
1.18699e-09
1.1802e-09
1.17347e-09
1.16678e-09
1.16015e-09
1.15356e-09
1.14702e-09
1.14052e-09
1.13407e-09
1.12766e-09
1.12131e-09
1.115e-09
1.10873e-09
1.10251e-09
1.09631e-09
1.09018e-09
1.0841e-09
1.07803e-09
1.07202e-09
1.06605e-09
1.06012e-09
1.05424e-09
1.0484e-09
1.04259e-09
1.03682e-09
1.03109e-09
1.02541e-09
1.01977e-09
1.01415e-09
1.00859e-09
1.00306e-09
9.97567e-10
9.92109e-10
9.86681e-10
9.81307e-10
9.75963e-10
9.70642e-10
9.65375e-10
9.60142e-10
9.54941e-10
9.49773e-10
9.44647e-10
9.39544e-10
9.34481e-10
9.29449e-10
9.24454e-10
9.19505e-10
9.14577e-10
9.09678e-10
9.04815e-10
8.99986e-10
8.95194e-10
8.90417e-10
8.85693e-10
8.80987e-10
8.76311e-10
8.71676e-10
8.67068e-10
8.62487e-10
8.57927e-10
8.53412e-10
8.48932e-10
8.44469e-10
8.4004e-10
8.35628e-10
8.31257e-10
8.26913e-10
8.22599e-10
8.18311e-10
8.14065e-10
8.09819e-10
8.05613e-10
8.01439e-10
7.97277e-10
7.93164e-10
7.89075e-10
7.84995e-10
7.8095e-10
7.76932e-10
7.72942e-10
7.68974e-10
7.65032e-10
7.61113e-10
7.57214e-10
7.53356e-10
7.4952e-10
7.45699e-10
7.41901e-10
7.38135e-10
7.34382e-10
7.30665e-10
7.2697e-10
7.23292e-10
7.19642e-10
7.16021e-10
7.12408e-10
7.08826e-10
7.05278e-10
7.01731e-10
6.98219e-10
6.94714e-10
6.91246e-10
6.87798e-10
6.84369e-10
6.80956e-10
6.77571e-10
6.74211e-10
6.70861e-10
6.67529e-10
6.64235e-10
6.60958e-10
6.57691e-10
6.54453e-10
6.51229e-10
6.48021e-10
6.44834e-10
6.41678e-10
6.38531e-10
6.35413e-10
6.32296e-10
6.29218e-10
6.26147e-10
6.23105e-10
6.20061e-10
6.17054e-10
6.14067e-10
6.11088e-10
6.0812e-10
6.05185e-10
6.02265e-10
5.99366e-10
5.96464e-10
5.936e-10
5.9075e-10
5.87909e-10
5.85096e-10
5.82296e-10
5.79508e-10
5.76742e-10
5.7399e-10
5.71247e-10
5.68535e-10
5.65831e-10
5.63142e-10
5.60469e-10
5.57821e-10
5.55181e-10
5.52554e-10
5.49945e-10
5.47352e-10
5.44785e-10
5.42212e-10
5.39673e-10
5.37134e-10
5.34606e-10
5.32124e-10
5.29623e-10
5.27156e-10
5.24694e-10
5.22244e-10
5.19816e-10
5.17395e-10
5.14993e-10
5.12605e-10
5.10232e-10
5.07866e-10
5.05526e-10
5.03182e-10
5.0087e-10
4.98568e-10
4.96264e-10
4.93984e-10
4.91726e-10
4.8947e-10
4.87222e-10
4.85002e-10
4.82774e-10
4.80576e-10
4.78385e-10
4.76191e-10
4.74038e-10
4.71886e-10
4.69745e-10
4.6761e-10
4.65497e-10
4.63382e-10
4.6129e-10
4.59212e-10
4.57139e-10
4.55088e-10
4.53046e-10
4.51001e-10
4.4899e-10
4.46969e-10
4.44963e-10
4.42978e-10
4.40993e-10
4.39018e-10
4.37068e-10
4.35129e-10
4.33197e-10
4.31261e-10
4.29357e-10
4.27446e-10
4.25556e-10
4.23662e-10
4.21796e-10
4.19945e-10
4.18085e-10
4.16244e-10
4.1441e-10
4.12594e-10
4.10786e-10
4.08978e-10
4.07184e-10
4.05416e-10
4.03647e-10
4.0188e-10
4.00121e-10
3.98382e-10
3.96639e-10
3.94921e-10
3.93221e-10
3.91503e-10
3.89807e-10
3.88118e-10
3.86451e-10
3.84781e-10
3.83107e-10
3.8146e-10
3.79814e-10
3.78195e-10
3.7656e-10
3.74952e-10
3.73343e-10
3.71739e-10
3.70155e-10
3.68577e-10
3.67003e-10
3.65442e-10
3.63866e-10
3.6234e-10
3.60797e-10
3.59266e-10
3.57743e-10
3.56219e-10
3.54706e-10
3.5321e-10
3.51726e-10
3.50232e-10
3.48768e-10
3.47295e-10
3.45835e-10
3.44384e-10
3.42936e-10
3.41501e-10
3.40075e-10
3.38646e-10
3.37237e-10
3.35819e-10
3.3442e-10
3.33033e-10
3.31636e-10
3.30263e-10
3.2889e-10
3.27536e-10
3.26163e-10
3.24821e-10
3.23477e-10
3.22147e-10
3.2082e-10
3.19492e-10
3.18183e-10
3.16865e-10
3.1557e-10
3.14277e-10
3.12987e-10
3.11702e-10
3.10424e-10
3.09143e-10
3.07889e-10
3.06631e-10
3.05381e-10
3.04136e-10
3.02905e-10
3.0167e-10
3.00456e-10
2.9924e-10
2.98018e-10
2.96802e-10
2.95612e-10
2.94427e-10
2.93228e-10
2.92039e-10
2.90879e-10
2.89703e-10
2.88535e-10
2.8738e-10
2.86227e-10
2.85081e-10
2.83938e-10
2.82795e-10
