27.9145
4.76645
2.50257
1.64714
1.19419
0.915522
0.72853
0.595628
0.49718
0.42192
0.362934
0.315754
0.277372
0.245696
0.219227
0.196869
0.177804
0.161408
0.147201
0.134807
0.123927
0.114323
0.105801
0.0982029
0.0914001
0.0852842
0.0797655
0.0747681
0.0702282
0.0660913
0.062311
0.0588471
0.0556654
0.0527357
0.0500321
0.0475319
0.045215
0.043064
0.0410633
0.0391992
0.0374595
0.0358334
0.0343111
0.0328841
0.0315444
0.0302851
0.0290999
0.0279831
0.0269294
0.0259343
0.0249934
0.0241029
0.0232592
0.0224591
0.0216997
0.0209782
0.0202921
0.0196392
0.0190173
0.0184246
0.0178591
0.0173194
0.0168037
0.0163108
0.0158393
0.0153879
0.0149556
0.0145413
0.014144
0.0137627
0.0133967
0.0130451
0.0127072
0.0123822
0.0120696
0.0117686
0.0114788
0.0111996
0.0109304
0.0106709
0.0104205
0.0101788
0.00994537
0.00971993
0.00950208
0.00929147
0.00908779
0.00889074
0.00870003
0.0085154
0.00833659
0.00816335
0.00799546
0.0078327
0.00767486
0.00752175
0.00737317
0.00722896
0.00708894
0.00695295
0.00682084
0.00669246
0.00656767
0.00644634
0.00632834
0.00621356
0.00610187
0.00599317
0.00588735
0.0057843
0.00568394
0.00558617
0.0054909
0.00539805
0.00530754
0.00521928
0.00513321
0.00504925
0.00496734
0.0048874
0.00480938
0.00473321
0.00465883
0.0045862
0.00451525
0.00444594
0.00437821
0.00431202
0.00424732
0.00418406
0.00412221
0.00406172
0.00400255
0.00394466
0.00388802
0.0038326
0.00377835
0.00372524
0.00367325
0.00362234
0.00357247
0.00352364
0.00347579
0.00342892
0.00338298
0.00333797
0.00329385
0.00325059
0.00320818
0.0031666
0.00312582
0.00308583
0.00304659
0.0030081
0.00297034
0.00293328
0.00289691
0.00286121
0.00282617
0.00279177
0.002758
0.00272483
0.00269226
0.00266027
0.00262884
0.00259797
0.00256764
0.00253784
0.00250855
0.00247977
0.00245148
0.00242367
0.00239634
0.00236946
0.00234303
0.00231704
0.00229149
0.00226635
0.00224162
0.0022173
0.00219337
0.00216983
0.00214666
0.00212386
0.00210143
0.00207934
0.00205761
0.00203621
0.00201514
0.0019944
0.00197398
0.00195387
0.00193407
0.00191456
0.00189535
0.00187643
0.00185779
0.00183943
0.00182133
0.00180351
0.00178594
0.00176863
0.00175157
0.00173475
0.00171818
0.00170184
0.00168573
0.00166985
0.0016542
0.00163876
0.00162354
0.00160853
0.00159373
0.00157913
0.00156473
0.00155053
0.00153652
0.00152269
0.00150906
0.0014956
0.00148233
0.00146923
0.00145631
0.00144355
0.00143096
0.00141854
0.00140627
0.00139417
0.00138222
0.00137042
0.00135877
0.00134728
0.00133592
0.00132471
0.00131364
0.00130271
0.00129191
0.00128125
0.00127072
0.00126032
0.00125005
0.0012399
0.00122987
0.00121997
0.00121018
0.00120051
0.00119096
0.00118152
0.00117219
0.00116298
0.00115387
0.00114486
0.00113597
0.00112717
0.00111848
0.00110989
0.00110139
0.001093
0.0010847
0.00107649
0.00106838
0.00106035
0.00105242
0.00104458
0.00103682
0.00102915
0.00102156
0.00101406
0.00100664
0.000999304
0.000992046
0.000984866
0.000977764
0.000970739
0.000963789
0.000956913
0.00095011
0.00094338
0.000936722
0.000930133
0.000923614
0.000917163
0.000910779
0.000904462
0.00089821
0.000892023
0.0008859
0.000879839
0.000873841
0.000867903
0.000862026
0.000856208
0.000850449
0.000844748
0.000839105
0.000833517
0.000827985
0.000822508
0.000817085
0.000811716
0.000806399
0.000801135
0.000795922
0.000790759
0.000785647
0.000780584
0.00077557
0.000770604
0.000765685
0.000760814
0.000755989
0.000751209
0.000746475
0.000741786
0.00073714
0.000732538
0.000727979
0.000723462
0.000718988
0.000714554
0.000710162
0.00070581
0.000701497
0.000697225
0.000692991
0.000688795
0.000684638
0.000680518
0.000676435
0.000672389
0.000668379
0.000664405
0.000660466
0.000656562
0.000652692
0.000648857
0.000645055
0.000641287
0.000637552
0.000633849
0.000630178
0.000626539
0.000622932
0.000619355
0.00061581
0.000612294
0.000608809
0.000605353
0.000601927
0.00059853
0.000595161
0.000591821
0.000588509
0.000585224
0.000581967
0.000578737
0.000575534
0.000572358
0.000569207
0.000566083
0.000562984
0.000559911
0.000556862
0.000553839
0.00055084
0.000547865
0.000544915
0.000541988
0.000539085
0.000536205
0.000533348
0.000530513
0.000527702
0.000524912
0.000522145
0.000519399
0.000516676
0.000513973
0.000511292
0.000508631
0.000505991
0.000503372
0.000500773
0.000498194
0.000495635
0.000493096
0.000490576
0.000488075
0.000485594
0.000483131
0.000480687
0.000478262
0.000475854
0.000473465
0.000471094
0.000468741
0.000466405
0.000464087
0.000461786
0.000459502
0.000457235
0.000454984
0.00045275
0.000450533
0.000448332
0.000446147
0.000443978
0.000441824
0.000439687
0.000437565
0.000435458
0.000433366
0.000431289
0.000429227
0.00042718
0.000425148
0.00042313
0.000421126
0.000419137
0.000417162
0.0004152
0.000413253
0.000411319
0.000409398
0.000407491
0.000405598
0.000403717
0.00040185
0.000399995
0.000398153
0.000396324
0.000394508
0.000392704
0.000390912
0.000389133
0.000387365
0.00038561
0.000383867
0.000382135
0.000380415
0.000378707
0.00037701
0.000375324
0.00037365
0.000371987
0.000370335
0.000368694
0.000367064
0.000365445
0.000363836
0.000362238
0.000360651
0.000359074
0.000357507
0.000355951
0.000354404
0.000352868
0.000351342
0.000349825
0.000348318
0.000346821
0.000345334
0.000343856
0.000342388
0.000340929
0.000339479
0.000338039
0.000336608
0.000335186
0.000333772
0.000332368
0.000330973
0.000329586
0.000328208
0.000326839
0.000325478
0.000324126
0.000322782
0.000321446
0.000320119
0.0003188
0.000317489
0.000316186
0.000314891
0.000313604
0.000312325
0.000311054
0.000309791
0.000308535
0.000307287
0.000306046
0.000304813
0.000303587
0.000302369
0.000301158
0.000299954
0.000298757
0.000297568
0.000296386
0.000295211
0.000294042
0.000292881
0.000291726
0.000290579
0.000289438
0.000288304
0.000287176
0.000286055
0.000284941
0.000283833
0.000282731
0.000281636
0.000280547
0.000279465
0.000278389
0.000277319
0.000276255
0.000275197
0.000274146
0.0002731
0.00027206
0.000271027
0.000269999
0.000268977
0.000267961
0.00026695
0.000265945
0.000264946
0.000263953
0.000262965
0.000261983
0.000261006
0.000260034
0.000259068
0.000258108
0.000257152
0.000256202
0.000255258
0.000254318
0.000253384
0.000252455
0.00025153
0.000250611
0.000249697
0.000248788
0.000247884
0.000246985
0.000246091
0.000245201
0.000244317
0.000243437
0.000242562
0.000241692
0.000240826
0.000239965
0.000239108
0.000238256
0.000237409
0.000236566
0.000235728
0.000234894
0.000234065
0.00023324
0.000232419
0.000231602
0.00023079
0.000229983
0.000229179
0.000228379
0.000227584
0.000226793
0.000226006
0.000225223
0.000224445
0.00022367
0.000222899
0.000222132
0.000221369
0.00022061
0.000219855
0.000219104
0.000218357
0.000217613
0.000216874
0.000216138
0.000215406
0.000214677
0.000213952
0.000213231
0.000212514
0.0002118
0.000211089
0.000210383
0.00020968
0.00020898
0.000208284
0.000207591
0.000206902
0.000206216
0.000205534
0.000204855
0.000204179
0.000203507
0.000202837
0.000202172
0.000201509
0.00020085
0.000200194
0.000199541
0.000198892
0.000198245
0.000197602
0.000196962
0.000196325
0.000195691
0.00019506
0.000194432
0.000193808
0.000193186
0.000192567
0.000191951
0.000191338
0.000190728
0.000190121
0.000189517
0.000188916
0.000188317
0.000187722
0.000187129
0.000186539
0.000185952
0.000185367
0.000184786
0.000184207
0.000183631
0.000183057
0.000182486
0.000181918
0.000181353
0.00018079
0.000180229
0.000179672
0.000179117
0.000178564
0.000178014
0.000177467
0.000176922
0.00017638
0.00017584
0.000175302
0.000174767
0.000174235
0.000173705
0.000173177
0.000172652
0.000172129
0.000171608
0.00017109
0.000170574
0.000170061
0.00016955
0.000169041
0.000168534
0.00016803
0.000167528
0.000167028
0.00016653
0.000166035
0.000165542
0.000165051
0.000164562
0.000164076
0.000163591
0.000163109
0.000162629
0.000162151
0.000161675
0.000161201
0.000160729
0.000160259
0.000159792
0.000159326
0.000158863
0.000158401
0.000157941
0.000157484
0.000157028
0.000156575
0.000156123
0.000155673
0.000155226
0.00015478
0.000154336
0.000153894
0.000153454
0.000153016
0.000152579
0.000152145
0.000151712
0.000151282
0.000150853
0.000150426
0.00015
0.000149577
0.000149155
0.000148735
0.000148317
0.000147901
0.000147486
0.000147073
0.000146662
0.000146252
0.000145845
0.000145439
0.000145034
0.000144632
0.000144231
0.000143831
0.000143434
0.000143038
0.000142643
0.00014225
0.000141859
0.00014147
0.000141082
0.000140696
0.000140311
0.000139928
0.000139546
0.000139166
0.000138788
0.000138411
0.000138035
0.000137661
0.000137289
0.000136918
0.000136549
0.000136181
0.000135814
0.00013545
0.000135086
0.000134724
0.000134364
0.000134005
0.000133647
0.000133291
0.000132936
0.000132583
0.000132231
0.00013188
0.000131531
0.000131183
0.000130837
0.000130492
0.000130148
0.000129806
0.000129465
0.000129125
0.000128787
0.00012845
0.000128114
0.00012778
0.000127447
0.000127115
0.000126785
0.000126455
0.000126127
0.000125801
0.000125476
0.000125152
0.000124829
0.000124507
0.000124187
0.000123868
0.00012355
0.000123233
0.000122918
0.000122604
0.000122291
0.000121979
0.000121668
0.000121359
0.00012105
0.000120743
0.000120437
0.000120133
0.000119829
0.000119527
0.000119225
0.000118925
0.000118626
0.000118328
0.000118031
0.000117736
0.000117441
0.000117148
0.000116855
0.000116564
0.000116274
0.000115985
0.000115697
0.00011541
0.000115124
0.000114839
0.000114555
0.000114273
0.000113991
0.00011371
0.000113431
0.000113152
0.000112875
0.000112598
0.000112323
0.000112048
0.000111775
0.000111502
0.000111231
0.00011096
0.000110691
0.000110422
0.000110154
0.000109888
0.000109622
0.000109358
0.000109094
0.000108831
0.000108569
0.000108308
0.000108048
0.000107789
0.000107531
0.000107274
0.000107018
0.000106763
0.000106508
0.000106255
0.000106002
0.000105751
0.0001055
0.00010525
0.000105001
0.000104753
0.000104506
0.000104259
0.000104014
0.000103769
0.000103525
0.000103282
0.00010304
0.000102799
0.000102559
0.000102319
0.000102081
0.000101843
0.000101606
0.00010137
0.000101134
0.0001009
0.000100666
0.000100433
0.000100201
9.99696e-05
9.97391e-05
9.95094e-05
9.92805e-05
9.90524e-05
9.8825e-05
9.85985e-05
9.83727e-05
9.81477e-05
9.79234e-05
9.76999e-05
9.74772e-05
9.72553e-05
9.70341e-05
9.68137e-05
9.6594e-05
9.6375e-05
9.61568e-05
9.59394e-05
9.57227e-05
9.55067e-05
9.52914e-05
9.50769e-05
9.48631e-05
9.465e-05
9.44377e-05
9.4226e-05
9.40151e-05
9.38048e-05
9.35953e-05
9.33865e-05
9.31783e-05
9.29709e-05
9.27642e-05
9.25581e-05
9.23527e-05
9.2148e-05
9.1944e-05
9.17407e-05
9.15381e-05
9.13361e-05
9.11347e-05
9.09341e-05
9.07341e-05
9.05348e-05
9.03361e-05
9.01381e-05
8.99407e-05
8.9744e-05
8.95479e-05
8.93525e-05
8.91577e-05
8.89635e-05
8.877e-05
8.85771e-05
8.83848e-05
8.81932e-05
8.80021e-05
8.78117e-05
8.7622e-05
8.74328e-05
8.72442e-05
8.70563e-05
8.68689e-05
8.66822e-05
8.64961e-05
8.63105e-05
8.61256e-05
8.59412e-05
8.57575e-05
8.55743e-05
8.53917e-05
8.52097e-05
8.50283e-05
8.48475e-05
8.46672e-05
8.44875e-05
8.43084e-05
8.41299e-05
8.39519e-05
8.37745e-05
8.35976e-05
8.34213e-05
8.32456e-05
8.30704e-05
8.28958e-05
8.27217e-05
8.25482e-05
8.23752e-05
8.22027e-05
8.20308e-05
8.18595e-05
8.16886e-05
8.15183e-05
8.13486e-05
8.11793e-05
8.10106e-05
8.08425e-05
8.06748e-05
8.05077e-05
8.03411e-05
8.0175e-05
8.00094e-05
7.98443e-05
7.96797e-05
7.95157e-05
7.93521e-05
7.91891e-05
7.90265e-05
7.88645e-05
7.8703e-05
7.85419e-05
7.83814e-05
7.82213e-05
7.80617e-05
7.79026e-05
7.7744e-05
7.75859e-05
7.74283e-05
7.72711e-05
7.71145e-05
7.69583e-05
7.68025e-05
7.66473e-05
7.64925e-05
7.63382e-05
7.61843e-05
7.6031e-05
7.5878e-05
7.57256e-05
7.55736e-05
7.5422e-05
7.52709e-05
7.51203e-05
